0.6789709415905406, 	 0.13316205265862446, 	 1, 	 16, 	 301: 	  	 23.75 	 	 21.77
0.5702550935502445, 	 0.3018464042227976, 	 1, 	 24, 	 98: 	  	 23.83 	 	 24.11
0.9123660942334663, 	 0.4982014688583209, 	 1, 	 35, 	 87: 	  	 23.99 	 	 23.62
0.7197141710149917, 	 0.23504216416554835, 	 2, 	 15, 	 573: 	  	 23.92 	 	 21.25
0.7659399177052764, 	 0.6088522381333688, 	 1, 	 27, 	 620: 	  	 23.74 	 	 22.25
0.6675983984206466, 	 0.3893226654781792, 	 1, 	 17, 	 273: 	  	 24.02 	 	 22.97
0.8773383554034051, 	 0.5892085663851665, 	 2, 	 32, 	 454: 	  	 24.01 	 	 23.32
0.6545067143043426, 	 0.5227308774410286, 	 1, 	 22, 	 103: 	  	 23.7 	 	 23.93
0.9490522797497164, 	 0.6899422849725776, 	 2, 	 33, 	 754: 	  	 23.91 	 	 23.67
0.8691990449404696, 	 0.1704873118608164, 	 1, 	 19, 	 405: 	  	 23.68 	 	 21.01
0.7631156888136172, 	 0.1078044465892994, 	 2, 	 34, 	 616: 	  	 23.91 	 	 19.47
0.5952899652070476, 	 0.12191982109276849, 	 1, 	 34, 	 775: 	  	 23.84 	 	 17.58
0.6148734504530066, 	 0.5956182558343517, 	 2, 	 28, 	 560: 	  	 24.32 	 	 22.64
0.7148803491431558, 	 0.27152297709056794, 	 1, 	 29, 	 86: 	  	 23.63 	 	 23.41
0.7303332461034775, 	 0.3037685460387044, 	 1, 	 30, 	 206: 	  	 23.21 	 	 21.99
0.7318293868131436, 	 0.6504844559427463, 	 1, 	 32, 	 259: 	  	 23.01 	 	 22.88
0.8137521470432703, 	 0.191419319817362, 	 2, 	 35, 	 453: 	  	 24.09 	 	 21.07
0.628019357699902, 	 0.779071517011628, 	 2, 	 15, 	 84: 	  	 23.93 	 	 25.0
0.5481033401853144, 	 0.14662795642038495, 	 2, 	 29, 	 438: 	  	 23.93 	 	 20.84
0.8062580861250712, 	 0.593890010041265, 	 2, 	 19, 	 314: 	  	 24.02 	 	 23.49
0.8823961094615558, 	 0.1424231876568281, 	 1, 	 21, 	 232: 	  	 23.83 	 	 22.0
0.8815653926660441, 	 0.4216104164631773, 	 1, 	 35, 	 295: 	  	 23.68 	 	 22.41
0.8908100151019696, 	 0.28071994614164714, 	 2, 	 32, 	 788: 	  	 24.01 	 	 21.68
0.6885775344272762, 	 0.16113759035201802, 	 1, 	 28, 	 697: 	  	 23.04 	 	 19.39
0.8074042775764283, 	 0.7761149286716993, 	 1, 	 25, 	 189: 	  	 22.9 	 	 22.88
0.8336959324817749, 	 0.5301782633914276, 	 1, 	 26, 	 513: 	  	 22.9 	 	 22.36
0.5480511753372943, 	 0.11194087822616103, 	 1, 	 30, 	 620: 	  	 23.44 	 	 19.25
0.9086508723821904, 	 0.6399153226147107, 	 2, 	 24, 	 561: 	  	 23.89 	 	 23.56
0.6117218796562971, 	 0.5342623908270598, 	 1, 	 33, 	 122: 	  	 24.35 	 	 23.53
0.8906925635273782, 	 0.2497715596232814, 	 1, 	 33, 	 218: 	  	 23.68 	 	 21.94
0.5980810226291569, 	 0.09565688743111982, 	 1, 	 32, 	 425: 	  	 23.01 	 	 19.87
0.8807979456124274, 	 0.18611853570717768, 	 2, 	 28, 	 401: 	  	 23.68 	 	 21.21
0.591490825518827, 	 0.5943757513910064, 	 2, 	 20, 	 707: 	  	 24.45 	 	 21.21
0.6820811767494117, 	 0.25948225448098183, 	 2, 	 16, 	 587: 	  	 23.93 	 	 21.44
0.9129886521810051, 	 0.5573970317585288, 	 1, 	 24, 	 157: 	  	 22.9 	 	 22.61
0.6876628516560197, 	 0.4094458120085961, 	 1, 	 15, 	 612: 	  	 23.29 	 	 21.8
0.5640154103246549, 	 0.7669409981587356, 	 2, 	 16, 	 259: 	  	 23.93 	 	 24.06
0.5980869719735957, 	 0.6876238584746437, 	 2, 	 25, 	 460: 	  	 23.73 	 	 23.23
0.6452634818120302, 	 0.4504914487013695, 	 1, 	 25, 	 48: 	  	 23.82 	 	 24.42
0.7055845780185193, 	 0.7574048920855199, 	 2, 	 34, 	 220: 	  	 23.74 	 	 23.33
0.831300825399409, 	 0.5434462255205679, 	 1, 	 33, 	 600: 	  	 23.93 	 	 22.65
0.62241647761989, 	 0.6336768733967049, 	 2, 	 26, 	 706: 	  	 24.07 	 	 20.64
0.7495410435192867, 	 0.4625379711122181, 	 2, 	 35, 	 457: 	  	 23.92 	 	 22.4
0.7565394088644535, 	 0.18510187059077832, 	 1, 	 24, 	 352: 	  	 23.7 	 	 21.35
0.5853956357761069, 	 0.22684055417451887, 	 1, 	 19, 	 38: 	  	 23.88 	 	 25.33
0.6550021997857312, 	 0.7100193198286453, 	 2, 	 31, 	 503: 	  	 23.85 	 	 23.14
0.6845305643632614, 	 0.1252031417200331, 	 2, 	 16, 	 622: 	  	 23.93 	 	 19.92
0.5354515766948982, 	 0.10797234091798918, 	 1, 	 28, 	 440: 	  	 23.04 	 	 20.12
0.7529340811770355, 	 0.17420929187077142, 	 2, 	 33, 	 190: 	  	 24.09 	 	 22.18
0.5650559058668285, 	 0.32926294582169263, 	 2, 	 17, 	 421: 	  	 23.84 	 	 22.44
0.845602914502422, 	 0.1042878755438497, 	 1, 	 26, 	 655: 	  	 22.9 	 	 18.69
0.94947857726568, 	 0.6377434819915395, 	 2, 	 27, 	 162: 	  	 24.07 	 	 23.72
0.8668844685138243, 	 0.15330322765755489, 	 1, 	 19, 	 240: 	  	 23.68 	 	 21.97
0.6036285876357081, 	 0.7453707903855002, 	 2, 	 34, 	 706: 	  	 23.92 	 	 18.03
0.7482033625449176, 	 0.6097138734967198, 	 2, 	 24, 	 599: 	  	 23.89 	 	 23.13
0.676122324233934, 	 0.6805303797310296, 	 1, 	 31, 	 685: 	  	 23.92 	 	 20.6
0.601268783543145, 	 0.4286721361203172, 	 1, 	 33, 	 47: 	  	 23.79 	 	 24.33
0.6515193438681975, 	 0.2165064287087326, 	 1, 	 25, 	 382: 	  	 23.7 	 	 21.53
0.6002747699970507, 	 0.34924655752780576, 	 1, 	 35, 	 656: 	  	 23.68 	 	 20.52
0.9627690767428425, 	 0.08604356013906364, 	 2, 	 34, 	 193: 	  	 23.81 	 	 21.61
0.848501948592292, 	 0.74080022114505, 	 1, 	 22, 	 83: 	  	 23.86 	 	 24.31
0.7082920900984382, 	 0.4495833872142467, 	 1, 	 35, 	 425: 	  	 23.84 	 	 22.61
0.947029676406363, 	 0.20273380007427666, 	 2, 	 32, 	 598: 	  	 23.68 	 	 20.71
0.5364806293570294, 	 0.11547172634364034, 	 1, 	 29, 	 293: 	  	 23.04 	 	 21.0
0.6122949040023449, 	 0.5923119160569246, 	 2, 	 18, 	 727: 	  	 23.91 	 	 21.19
0.9577690132737622, 	 0.36263773180302866, 	 2, 	 25, 	 527: 	  	 23.73 	 	 22.08
0.8380703605339022, 	 0.5058942429828273, 	 1, 	 23, 	 635: 	  	 23.7 	 	 22.87
0.9806078909922249, 	 0.20906362616099525, 	 2, 	 30, 	 149: 	  	 24.09 	 	 22.71
0.516011666639939, 	 0.3046724752820062, 	 1, 	 32, 	 743: 	  	 23.01 	 	 18.94
0.9391161162420851, 	 0.2067096741990369, 	 2, 	 19, 	 341: 	  	 24.45 	 	 21.97
0.9788722021712437, 	 0.5634495700813109, 	 1, 	 16, 	 35: 	  	 24.02 	 	 25.37
0.8011183190965432, 	 0.6172798490757687, 	 1, 	 35, 	 508: 	  	 23.68 	 	 22.76
0.6095509835482833, 	 0.09355853716626121, 	 1, 	 23, 	 417: 	  	 23.7 	 	 20.34
0.7906824115530773, 	 0.12220595370124149, 	 1, 	 30, 	 756: 	  	 23.44 	 	 18.78
0.8030074926893076, 	 0.11624066749193157, 	 2, 	 17, 	 656: 	  	 23.84 	 	 19.57
0.5029569626490633, 	 0.39506881555341455, 	 2, 	 25, 	 303: 	  	 23.73 	 	 22.68
0.5031808273559512, 	 0.2966228230559067, 	 2, 	 35, 	 655: 	  	 23.74 	 	 20.29
0.897313037117357, 	 0.3159182920242102, 	 1, 	 20, 	 724: 	  	 23.53 	 	 21.74
0.7715969114849212, 	 0.18429360275242895, 	 1, 	 17, 	 778: 	  	 24.02 	 	 19.66
0.7640516151689607, 	 0.5317251127784215, 	 1, 	 34, 	 291: 	  	 23.68 	 	 22.86
0.9657677335801905, 	 0.13729816479803858, 	 1, 	 23, 	 302: 	  	 23.7 	 	 21.23
0.9263351209669266, 	 0.6583179980376337, 	 2, 	 35, 	 122: 	  	 23.92 	 	 23.62
0.9006364861619044, 	 0.667323697267048, 	 1, 	 29, 	 632: 	  	 23.44 	 	 23.21
0.9119965552683581, 	 0.7252645901844161, 	 2, 	 19, 	 746: 	  	 24.02 	 	 23.99
0.5911022142519797, 	 0.2169373971056244, 	 1, 	 16, 	 530: 	  	 23.75 	 	 20.92
0.5210838184943523, 	 0.4157993829128505, 	 1, 	 21, 	 267: 	  	 23.87 	 	 22.92
0.8456512789195803, 	 0.35209228287033, 	 2, 	 16, 	 124: 	  	 23.84 	 	 24.07
0.7431347503866677, 	 0.6331741206745005, 	 1, 	 26, 	 757: 	  	 22.9 	 	 19.98
0.9842784024896156, 	 0.7660289785452532, 	 2, 	 35, 	 407: 	  	 23.74 	 	 23.57
0.510695695145696, 	 0.5998494773301122, 	 2, 	 27, 	 83: 	  	 24.32 	 	 24.86
0.5717675622012786, 	 0.18963984985764637, 	 2, 	 28, 	 662: 	  	 23.68 	 	 20.1
0.8413408061016097, 	 0.4190156447726012, 	 1, 	 28, 	 678: 	  	 23.74 	 	 22.44
0.9728425685194435, 	 0.5517222063968221, 	 2, 	 34, 	 640: 	  	 23.92 	 	 23.03
0.5735940964990647, 	 0.07362863532747975, 	 1, 	 15, 	 165: 	  	 24.04 	 	 23.65
0.8616881272564139, 	 0.5975486669481365, 	 2, 	 20, 	 341: 	  	 24.45 	 	 23.54
0.9971348805408321, 	 0.6115890138628597, 	 2, 	 19, 	 457: 	  	 24.02 	 	 23.5
0.8336706415728385, 	 0.7054721286502035, 	 1, 	 30, 	 427: 	  	 23.44 	 	 23.28
0.608822763058743, 	 0.5449513964298099, 	 2, 	 21, 	 442: 	  	 23.99 	 	 23.09
0.7368168820666454, 	 0.17874998073669418, 	 1, 	 32, 	 186: 	  	 23.91 	 	 21.88
0.7947577527141896, 	 0.3699780219903591, 	 2, 	 22, 	 163: 	  	 23.82 	 	 23.33
0.7803734931971853, 	 0.720095218318413, 	 1, 	 19, 	 468: 	  	 23.68 	 	 22.95
0.6291393483835015, 	 0.26701106161992705, 	 1, 	 34, 	 684: 	  	 23.21 	 	 20.14
0.8816103685994755, 	 0.37736207734308236, 	 1, 	 31, 	 277: 	  	 23.21 	 	 22.05
0.9305631056269756, 	 0.7409650835784543, 	 1, 	 25, 	 280: 	  	 23.7 	 	 23.42
0.7083786381023729, 	 0.4985893083500309, 	 1, 	 26, 	 486: 	  	 22.9 	 	 22.23
0.5074827395275057, 	 0.5857646802047578, 	 2, 	 30, 	 783: 	  	 23.11 	 	 13.52
0.9874230407208172, 	 0.6809113753077916, 	 2, 	 20, 	 725: 	  	 24.45 	 	 23.96
0.8877355050143778, 	 0.6006403066653201, 	 1, 	 24, 	 559: 	  	 23.83 	 	 23.24
0.985816873126445, 	 0.5294192263779424, 	 2, 	 24, 	 395: 	  	 23.89 	 	 23.09
0.8031403597301785, 	 0.10889227091291838, 	 2, 	 23, 	 283: 	  	 23.82 	 	 21.63
0.554072493132712, 	 0.3704164569605133, 	 2, 	 24, 	 798: 	  	 23.89 	 	 17.32
0.9644759681576744, 	 0.3600328247103508, 	 1, 	 28, 	 272: 	  	 23.44 	 	 22.12
0.8162943133398447, 	 0.48688642620469313, 	 2, 	 17, 	 244: 	  	 23.84 	 	 23.35
0.5562074804168544, 	 0.10232526243534017, 	 1, 	 17, 	 543: 	  	 24.02 	 	 20.02
0.7591311804531498, 	 0.4358115602829246, 	 1, 	 33, 	 90: 	  	 23.65 	 	 23.34
0.8763705934380058, 	 0.38829799336899373, 	 2, 	 19, 	 674: 	  	 24.02 	 	 22.49
0.9537871116922942, 	 0.49198621324372765, 	 1, 	 30, 	 410: 	  	 23.92 	 	 22.7
0.6163160405783893, 	 0.6598166088960549, 	 1, 	 18, 	 173: 	  	 23.68 	 	 23.63
0.8723266547072723, 	 0.17176868340388562, 	 1, 	 19, 	 322: 	  	 23.53 	 	 21.51
0.8968579292346747, 	 0.40313863199705563, 	 2, 	 26, 	 370: 	  	 24.07 	 	 22.64
0.7586196452034175, 	 0.3376244097376614, 	 1, 	 32, 	 747: 	  	 23.01 	 	 20.79
0.9786594688346468, 	 0.16342657081311807, 	 2, 	 35, 	 776: 	  	 23.92 	 	 20.25
0.5347029672218017, 	 0.3095738621925884, 	 2, 	 29, 	 580: 	  	 23.68 	 	 21.33
0.8710625815364543, 	 0.15292459217641302, 	 2, 	 33, 	 68: 	  	 23.68 	 	 23.97
0.9123497086144496, 	 0.10357971442624052, 	 2, 	 31, 	 462: 	  	 24.01 	 	 20.25
0.7952949870790842, 	 0.3108942619313787, 	 1, 	 16, 	 550: 	  	 23.75 	 	 21.59
0.7911200288324811, 	 0.6951695510130731, 	 1, 	 15, 	 327: 	  	 23.29 	 	 23.29
0.9287526629116685, 	 0.5176318311759127, 	 2, 	 16, 	 772: 	  	 23.93 	 	 23.22
0.5351326335465365, 	 0.7095169184222219, 	 2, 	 22, 	 376: 	  	 23.86 	 	 23.72
0.6062743079244438, 	 0.13307661021439765, 	 1, 	 25, 	 91: 	  	 23.44 	 	 23.51
0.8392397474683941, 	 0.1542867825692459, 	 1, 	 30, 	 635: 	  	 23.44 	 	 19.87
0.8828469915830586, 	 0.28408817003658926, 	 1, 	 15, 	 429: 	  	 23.29 	 	 21.56
0.8568777115286801, 	 0.5807341691475136, 	 2, 	 34, 	 364: 	  	 23.74 	 	 23.06
0.9437642382205707, 	 0.2425652748478733, 	 1, 	 20, 	 521: 	  	 23.53 	 	 21.24
0.9792501344320254, 	 0.3278061576977642, 	 1, 	 24, 	 353: 	  	 23.7 	 	 21.97
0.5303512296118325, 	 0.5516924687631259, 	 2, 	 33, 	 638: 	  	 23.68 	 	 20.74
0.791446317152042, 	 0.29379658084184446, 	 2, 	 17, 	 709: 	  	 23.84 	 	 21.61
0.5318110165532809, 	 0.5939820515308427, 	 2, 	 35, 	 345: 	  	 23.81 	 	 22.91
0.8788181615387346, 	 0.36941664730773854, 	 1, 	 32, 	 471: 	  	 23.93 	 	 22.17
0.5966707877561928, 	 0.07707582114614035, 	 2, 	 32, 	 494: 	  	 24.01 	 	 19.58
0.8027068490095297, 	 0.7810788469937309, 	 2, 	 24, 	 42: 	  	 24.01 	 	 25.09
0.9058055124447697, 	 0.30898480937460027, 	 1, 	 33, 	 741: 	  	 23.93 	 	 21.74
0.8370725559914711, 	 0.48625657435553044, 	 1, 	 35, 	 221: 	  	 23.68 	 	 22.76
0.9053702503017377, 	 0.33413737244027414, 	 2, 	 34, 	 750: 	  	 23.91 	 	 22.07
0.6000881249268313, 	 0.6106593017292026, 	 2, 	 16, 	 280: 	  	 23.93 	 	 23.7
0.6768421142267127, 	 0.7432911136343268, 	 2, 	 30, 	 307: 	  	 23.11 	 	 23.17
0.9855905445772606, 	 0.18169670400561277, 	 2, 	 16, 	 619: 	  	 23.93 	 	 20.72
0.970872332389672, 	 0.43885519184919397, 	 2, 	 24, 	 48: 	  	 23.82 	 	 25.1
0.8574951172867332, 	 0.48251377687919017, 	 2, 	 33, 	 448: 	  	 23.91 	 	 22.84
0.6132739917452056, 	 0.6474940980646195, 	 1, 	 21, 	 660: 	  	 23.83 	 	 21.32
0.8803657779074103, 	 0.4728051339103919, 	 2, 	 22, 	 444: 	  	 23.86 	 	 22.89
0.5572148339273728, 	 0.7129671317293782, 	 2, 	 31, 	 86: 	  	 23.43 	 	 23.82
0.5132088960170547, 	 0.5893460129183414, 	 2, 	 27, 	 443: 	  	 24.32 	 	 23.29
0.8149382283732556, 	 0.6678727508296014, 	 2, 	 32, 	 70: 	  	 23.91 	 	 24.48
0.7986111941360667, 	 0.5243461404373517, 	 2, 	 22, 	 769: 	  	 23.86 	 	 22.21
0.8171279192333415, 	 0.18040367178695882, 	 2, 	 30, 	 478: 	  	 23.85 	 	 20.94
0.5243632959075575, 	 0.160189466855794, 	 2, 	 25, 	 529: 	  	 23.73 	 	 20.44
0.8350972435732096, 	 0.205470179563997, 	 2, 	 23, 	 384: 	  	 23.82 	 	 21.67
0.997594840635484, 	 0.4262160415611276, 	 2, 	 18, 	 695: 	  	 23.91 	 	 22.73
0.8262841621456324, 	 0.07312316315254573, 	 1, 	 24, 	 720: 	  	 23.7 	 	 18.12
0.7028944031398319, 	 0.678542967759806, 	 2, 	 18, 	 137: 	  	 24.02 	 	 24.21
0.9771537934681638, 	 0.663897235194417, 	 1, 	 18, 	 511: 	  	 23.88 	 	 23.52
0.5122695239569925, 	 0.22158598228517934, 	 1, 	 34, 	 117: 	  	 24.09 	 	 23.28
0.8467018761457845, 	 0.42592939455758316, 	 1, 	 23, 	 597: 	  	 23.7 	 	 22.44
0.8386763099212308, 	 0.5032907323571316, 	 1, 	 35, 	 667: 	  	 23.84 	 	 22.56
0.6226073881484223, 	 0.623784465389823, 	 2, 	 23, 	 552: 	  	 23.86 	 	 23.06
0.9879699006433362, 	 0.14299403621887902, 	 2, 	 34, 	 425: 	  	 23.92 	 	 20.63
0.6675706867550579, 	 0.277394247666921, 	 1, 	 27, 	 368: 	  	 23.74 	 	 21.82
0.7290047019365933, 	 0.6329012185171805, 	 2, 	 22, 	 736: 	  	 23.86 	 	 21.88
0.6457381700215763, 	 0.16054995459805654, 	 1, 	 22, 	 587: 	  	 23.87 	 	 20.12
0.8156167979525584, 	 0.30628384387544333, 	 2, 	 31, 	 454: 	  	 24.01 	 	 21.98
0.9630855321403935, 	 0.6588629697337234, 	 1, 	 34, 	 322: 	  	 23.84 	 	 23.26
0.7927132856476327, 	 0.3703868759678797, 	 2, 	 26, 	 172: 	  	 23.68 	 	 22.95
0.7510760203031785, 	 0.5744151212610935, 	 2, 	 31, 	 275: 	  	 23.91 	 	 23.07
0.569319663294197, 	 0.13071648885516807, 	 2, 	 35, 	 109: 	  	 23.74 	 	 23.15
0.6071676538576927, 	 0.517791732525042, 	 1, 	 15, 	 762: 	  	 23.29 	 	 20.94
0.6046413209038453, 	 0.5382730683621069, 	 2, 	 32, 	 95: 	  	 23.97 	 	 23.65
0.928308965589391, 	 0.41657378340673695, 	 2, 	 30, 	 427: 	  	 23.11 	 	 22.22
0.8041405983147942, 	 0.6318029961392779, 	 1, 	 30, 	 305: 	  	 23.44 	 	 23.05
0.6440947369741621, 	 0.40148129727080106, 	 1, 	 18, 	 796: 	  	 23.88 	 	 19.55
0.8978830179810527, 	 0.21710435977799547, 	 1, 	 21, 	 127: 	  	 23.83 	 	 23.39
0.7328287894052986, 	 0.21615155231150365, 	 1, 	 32, 	 439: 	  	 23.93 	 	 21.27
0.6555355164349561, 	 0.3806569321537346, 	 2, 	 20, 	 774: 	  	 24.45 	 	 20.91
0.7774839302616958, 	 0.20851051110233107, 	 1, 	 22, 	 143: 	  	 23.7 	 	 23.08
0.5812787831360828, 	 0.6926637961984936, 	 2, 	 32, 	 300: 	  	 23.68 	 	 23.23
0.624287530835304, 	 0.08423786173436745, 	 1, 	 32, 	 431: 	  	 23.93 	 	 19.8
0.7620713380519405, 	 0.5787501195137987, 	 2, 	 34, 	 78: 	  	 23.81 	 	 24.15
0.813149297116011, 	 0.6537744950514133, 	 1, 	 17, 	 190: 	  	 24.02 	 	 23.79
0.9119766054508598, 	 0.33675235057829406, 	 1, 	 26, 	 577: 	  	 22.9 	 	 21.44
0.9099920841793105, 	 0.07504652908833964, 	 2, 	 26, 	 658: 	  	 24.07 	 	 18.93
0.9781026707220957, 	 0.6092321339097364, 	 1, 	 20, 	 348: 	  	 23.53 	 	 23.13
0.8608520250925582, 	 0.6686146344149342, 	 1, 	 19, 	 500: 	  	 23.68 	 	 23.35
0.6397400459353995, 	 0.45401841671005655, 	 1, 	 17, 	 757: 	  	 24.02 	 	 20.99
0.8975321127612146, 	 0.6625005991552821, 	 1, 	 23, 	 742: 	  	 23.7 	 	 23.44
0.9907075848297331, 	 0.15787639231707612, 	 2, 	 28, 	 412: 	  	 23.93 	 	 21.05
0.8804698473701147, 	 0.28275102376125194, 	 2, 	 29, 	 435: 	  	 23.68 	 	 21.73
0.570081693042706, 	 0.7453077988866059, 	 1, 	 24, 	 666: 	  	 23.83 	 	 20.45
0.6734802743681194, 	 0.35969051271964086, 	 1, 	 22, 	 358: 	  	 23.87 	 	 22.29
0.9330457086401567, 	 0.48341405755428785, 	 2, 	 25, 	 145: 	  	 23.68 	 	 23.36
0.7561533950714707, 	 0.6789628510468855, 	 1, 	 29, 	 292: 	  	 23.04 	 	 23.1
0.5032967243509392, 	 0.5594336670451981, 	 1, 	 22, 	 381: 	  	 23.87 	 	 23.21
0.7369369031207962, 	 0.11797944051668222, 	 1, 	 22, 	 162: 	  	 23.7 	 	 22.63
0.8523832190888161, 	 0.3496869655370101, 	 2, 	 16, 	 344: 	  	 23.93 	 	 22.59
0.9143418558899283, 	 0.6467954089478067, 	 2, 	 31, 	 676: 	  	 24.01 	 	 23.6
0.5585913621457934, 	 0.3992321971786882, 	 2, 	 33, 	 624: 	  	 23.91 	 	 20.95
0.5586299792336255, 	 0.13656200754279402, 	 2, 	 24, 	 39: 	  	 23.81 	 	 25.02
0.7875137061256702, 	 0.5066478684770543, 	 2, 	 22, 	 80: 	  	 24.07 	 	 24.58
0.944096431209123, 	 0.07708133652178417, 	 1, 	 30, 	 205: 	  	 23.21 	 	 21.05
0.9712225230775294, 	 0.551117532884488, 	 2, 	 30, 	 391: 	  	 23.11 	 	 22.69
0.8535306130769764, 	 0.5712183796724808, 	 1, 	 28, 	 430: 	  	 23.74 	 	 23.05
0.9669580283218606, 	 0.6567498237337315, 	 2, 	 20, 	 558: 	  	 24.45 	 	 23.79
0.5699999431631844, 	 0.6768234702307103, 	 2, 	 21, 	 688: 	  	 23.99 	 	 21.2
0.969055852843128, 	 0.4794491086264419, 	 1, 	 18, 	 224: 	  	 23.88 	 	 23.17
0.5985872590579824, 	 0.07909629919824264, 	 1, 	 24, 	 452: 	  	 23.7 	 	 19.9
0.68495464394755, 	 0.7818335356156041, 	 2, 	 28, 	 520: 	  	 23.68 	 	 23.01
0.9357509447842198, 	 0.2938682488362261, 	 2, 	 27, 	 395: 	  	 23.68 	 	 21.82
0.8159679794170822, 	 0.11105612139772293, 	 2, 	 34, 	 430: 	  	 23.92 	 	 20.25
0.5395816647109539, 	 0.21794359388555862, 	 2, 	 16, 	 493: 	  	 23.93 	 	 21.6
0.6237191986941341, 	 0.27652283311594716, 	 1, 	 31, 	 101: 	  	 23.93 	 	 23.56
0.8877870876402463, 	 0.4432562749711846, 	 1, 	 35, 	 181: 	  	 23.68 	 	 22.74
0.9922701288176626, 	 0.5966727665522309, 	 1, 	 30, 	 507: 	  	 23.92 	 	 23.13
0.838377919022355, 	 0.5469122061558884, 	 2, 	 32, 	 333: 	  	 23.68 	 	 22.7
0.8512265982684475, 	 0.5591443023275402, 	 2, 	 16, 	 771: 	  	 23.93 	 	 23.22
0.8834974251411627, 	 0.1608112333407538, 	 1, 	 30, 	 658: 	  	 23.92 	 	 20.07
0.5830758115773016, 	 0.6664974648830571, 	 1, 	 18, 	 270: 	  	 24.02 	 	 23.84
0.7148424449570863, 	 0.589785245567231, 	 1, 	 35, 	 771: 	  	 23.84 	 	 17.46
0.891381822371221, 	 0.5320200831570563, 	 1, 	 19, 	 461: 	  	 23.68 	 	 22.85
0.5927398474171788, 	 0.7342959092022274, 	 1, 	 27, 	 762: 	  	 23.86 	 	 14.74
0.6546082014869294, 	 0.38570824200450515, 	 2, 	 18, 	 588: 	  	 23.91 	 	 22.29
0.6934217586833136, 	 0.231387992925147, 	 2, 	 31, 	 619: 	  	 24.01 	 	 20.82
0.966438886491489, 	 0.40294764977658076, 	 2, 	 32, 	 80: 	  	 24.14 	 	 23.95
0.5223154606894782, 	 0.11149872074004423, 	 2, 	 18, 	 307: 	  	 23.91 	 	 21.86
0.9817145166490248, 	 0.4813614016393605, 	 1, 	 18, 	 464: 	  	 23.88 	 	 22.83
0.6685216506619511, 	 0.6475355367910451, 	 2, 	 17, 	 238: 	  	 23.93 	 	 23.8
0.9943036768185505, 	 0.5251175754087924, 	 1, 	 35, 	 320: 	  	 23.84 	 	 22.83
0.5718172488455631, 	 0.5772355022876108, 	 2, 	 25, 	 584: 	  	 23.73 	 	 21.85
0.7178204593311841, 	 0.36010659784060434, 	 1, 	 18, 	 721: 	  	 23.88 	 	 21.07
0.8235807538185919, 	 0.7089293228036606, 	 1, 	 18, 	 597: 	  	 23.88 	 	 23.27
0.8043366931498255, 	 0.1184373139613054, 	 2, 	 16, 	 149: 	  	 23.93 	 	 23.55
0.5717117129080035, 	 0.1990933824450095, 	 2, 	 21, 	 355: 	  	 23.86 	 	 21.83
0.9331913644407059, 	 0.25431198074827954, 	 1, 	 33, 	 585: 	  	 23.21 	 	 21.11
0.9716531558568045, 	 0.48129560252156867, 	 2, 	 18, 	 229: 	  	 24.02 	 	 23.29
0.9207472638175228, 	 0.14849273330455837, 	 2, 	 30, 	 364: 	  	 23.11 	 	 20.94
0.9229259887431664, 	 0.7464405748385903, 	 1, 	 30, 	 187: 	  	 23.92 	 	 23.47
0.6834186696175275, 	 0.49105461662497935, 	 1, 	 23, 	 288: 	  	 23.7 	 	 22.98
0.6767936028738951, 	 0.42218844074927775, 	 1, 	 35, 	 539: 	  	 23.84 	 	 22.01
0.7975264365728012, 	 0.10916474578454699, 	 2, 	 20, 	 34: 	  	 23.68 	 	 24.92
0.7992437042074316, 	 0.1883974267767506, 	 1, 	 32, 	 712: 	  	 23.01 	 	 20.33
0.7235731815570868, 	 0.07105852113660441, 	 1, 	 18, 	 222: 	  	 23.88 	 	 22.22
0.5195260826464069, 	 0.7738481083291862, 	 1, 	 19, 	 449: 	  	 23.68 	 	 23.43
0.6754471268183551, 	 0.16502927893684824, 	 1, 	 31, 	 725: 	  	 23.92 	 	 19.49
0.7432305165445794, 	 0.5191169921472507, 	 1, 	 26, 	 393: 	  	 22.9 	 	 22.33
0.6162576062892091, 	 0.561840398934045, 	 1, 	 28, 	 565: 	  	 23.74 	 	 21.89
0.9757708527329456, 	 0.50152274335084, 	 2, 	 33, 	 603: 	  	 23.68 	 	 22.6
0.6871843309214853, 	 0.1907700133276792, 	 1, 	 27, 	 551: 	  	 23.86 	 	 20.64
0.8521721890390876, 	 0.600653118043394, 	 2, 	 20, 	 599: 	  	 24.45 	 	 23.44
0.9998884059125583, 	 0.3718239528619785, 	 2, 	 19, 	 95: 	  	 23.91 	 	 24.38
0.9249720984543711, 	 0.43469611179819917, 	 1, 	 26, 	 219: 	  	 23.86 	 	 22.79
0.915083748722263, 	 0.37248184129151485, 	 2, 	 33, 	 98: 	  	 24.09 	 	 23.33
0.8262857496265041, 	 0.561943630212913, 	 1, 	 17, 	 710: 	  	 24.02 	 	 22.85
0.6113999623156552, 	 0.13268350381133945, 	 1, 	 19, 	 473: 	  	 23.68 	 	 20.49
0.5777062495775691, 	 0.6834949581594898, 	 2, 	 30, 	 567: 	  	 23.85 	 	 22.07
0.9310324024620279, 	 0.2680704540534865, 	 2, 	 16, 	 683: 	  	 23.93 	 	 21.45
0.7156810831314993, 	 0.07149329640733569, 	 2, 	 25, 	 559: 	  	 23.73 	 	 19.28
0.5692580819568172, 	 0.11956493665575635, 	 1, 	 32, 	 684: 	  	 23.01 	 	 18.75
0.9175289839540565, 	 0.6603085567590878, 	 1, 	 19, 	 81: 	  	 23.53 	 	 24.23
0.8228192954632094, 	 0.7061142436948196, 	 2, 	 25, 	 549: 	  	 24.07 	 	 23.47
0.6758694446852734, 	 0.5245435439936184, 	 1, 	 15, 	 765: 	  	 24.04 	 	 21.89
0.6103196579063581, 	 0.3079982448770758, 	 1, 	 32, 	 227: 	  	 23.01 	 	 22.0
0.5003015207528674, 	 0.6893764090052961, 	 1, 	 28, 	 603: 	  	 23.74 	 	 21.14
0.695306213537727, 	 0.7781581799404875, 	 2, 	 31, 	 688: 	  	 23.85 	 	 20.96
0.9675000939391528, 	 0.07082195038037185, 	 2, 	 34, 	 633: 	  	 23.92 	 	 18.78
0.540929632644561, 	 0.3914353589424495, 	 1, 	 34, 	 556: 	  	 23.21 	 	 21.36
0.6099530269933764, 	 0.48394732479770536, 	 2, 	 25, 	 71: 	  	 23.92 	 	 24.37
0.5726624047845943, 	 0.784021987287143, 	 2, 	 15, 	 118: 	  	 23.93 	 	 24.68
0.6414870482874423, 	 0.71700049772384, 	 2, 	 33, 	 94: 	  	 23.98 	 	 23.93
0.5583874274571194, 	 0.11972724284787063, 	 2, 	 30, 	 375: 	  	 23.85 	 	 20.88
0.7213822788400972, 	 0.5151763873219506, 	 2, 	 17, 	 237: 	  	 23.91 	 	 23.4
0.6377268761398232, 	 0.39472219274452947, 	 1, 	 23, 	 543: 	  	 23.7 	 	 21.93
0.5249146242035021, 	 0.6368883615912189, 	 1, 	 24, 	 786: 	  	 23.83 	 	 14.68
0.7443348916927854, 	 0.3859127245884253, 	 2, 	 29, 	 160: 	  	 23.85 	 	 23.16
0.6842195856463223, 	 0.2332796942941362, 	 2, 	 21, 	 703: 	  	 23.99 	 	 20.55
0.659043450255715, 	 0.1508728894684603, 	 1, 	 35, 	 369: 	  	 23.68 	 	 20.8
0.6882533134884943, 	 0.27761368474682474, 	 2, 	 16, 	 388: 	  	 23.93 	 	 22.22
0.6812505847951902, 	 0.5232227648847563, 	 2, 	 32, 	 436: 	  	 23.68 	 	 22.61
0.6847134755668334, 	 0.7384585537290045, 	 2, 	 25, 	 406: 	  	 23.73 	 	 23.31
0.8222742029489807, 	 0.5137025151346388, 	 1, 	 17, 	 390: 	  	 24.02 	 	 23.08
0.7520915011112277, 	 0.3888481959145051, 	 1, 	 25, 	 195: 	  	 23.86 	 	 22.9
0.8110835857832637, 	 0.2591484102789632, 	 2, 	 21, 	 555: 	  	 23.99 	 	 21.5
0.9300919502524225, 	 0.4059393191010401, 	 1, 	 25, 	 393: 	  	 22.9 	 	 21.79
0.7180655201466627, 	 0.792750456656403, 	 1, 	 30, 	 741: 	  	 23.44 	 	 20.67
0.5582117084104181, 	 0.49872598236224946, 	 2, 	 33, 	 539: 	  	 23.68 	 	 21.94
0.8061620827967784, 	 0.5221799016014704, 	 2, 	 34, 	 602: 	  	 23.92 	 	 22.66
0.8939619813439615, 	 0.4705095211462382, 	 2, 	 32, 	 468: 	  	 23.68 	 	 22.42
0.8193851495102942, 	 0.25440240014466103, 	 2, 	 15, 	 216: 	  	 23.92 	 	 23.11
0.9875820181743751, 	 0.5292611782936822, 	 1, 	 23, 	 743: 	  	 23.7 	 	 22.94
0.7140670227864123, 	 0.6478418425147081, 	 1, 	 27, 	 93: 	  	 23.44 	 	 23.83
0.5184758482685563, 	 0.26759823680980876, 	 1, 	 32, 	 90: 	  	 23.65 	 	 23.26
0.7810657951290607, 	 0.1681499931656386, 	 1, 	 35, 	 502: 	  	 23.84 	 	 20.53
0.5767708800084481, 	 0.5831141400668161, 	 2, 	 17, 	 36: 	  	 23.84 	 	 25.34
0.8165115489778574, 	 0.33779646141942415, 	 2, 	 21, 	 61: 	  	 23.11 	 	 23.91
0.6158320566917219, 	 0.17523721935355233, 	 2, 	 27, 	 434: 	  	 24.32 	 	 21.21
0.5661725706284613, 	 0.6437348320302805, 	 2, 	 22, 	 319: 	  	 23.86 	 	 23.61
0.5946573406781935, 	 0.44645823846340027, 	 1, 	 24, 	 293: 	  	 23.83 	 	 22.94
0.5667239141879934, 	 0.5380797275202724, 	 1, 	 15, 	 726: 	  	 23.29 	 	 21.03
0.5711645559776628, 	 0.5449811479405604, 	 2, 	 33, 	 115: 	  	 23.81 	 	 23.64
0.887653731410533, 	 0.19158474224777497, 	 2, 	 32, 	 452: 	  	 24.01 	 	 21.06
0.8372465309439698, 	 0.522805879544151, 	 2, 	 26, 	 227: 	  	 23.68 	 	 23.0
0.8782460343018512, 	 0.1224541321048021, 	 1, 	 32, 	 60: 	  	 23.93 	 	 23.52
0.8887508717723491, 	 0.6161079630336763, 	 2, 	 23, 	 535: 	  	 23.82 	 	 23.46
0.8353705536653654, 	 0.5199651761784574, 	 1, 	 27, 	 730: 	  	 23.86 	 	 22.61
0.8236387133766792, 	 0.6417839371416041, 	 2, 	 32, 	 633: 	  	 23.68 	 	 23.07
0.8726468732173034, 	 0.13800769541775268, 	 2, 	 23, 	 270: 	  	 23.89 	 	 21.76
0.5698132658110906, 	 0.7051119553338558, 	 2, 	 28, 	 490: 	  	 23.68 	 	 22.77
0.7147145552862129, 	 0.17330173684570843, 	 2, 	 28, 	 163: 	  	 24.01 	 	 22.6
0.75433290785364, 	 0.32157763146805124, 	 2, 	 23, 	 524: 	  	 23.82 	 	 22.03
0.5772095518526813, 	 0.5817502451196117, 	 1, 	 31, 	 142: 	  	 23.84 	 	 23.53
0.9186978822185068, 	 0.2964331759164944, 	 1, 	 26, 	 722: 	  	 22.9 	 	 21.09
0.8311521110170523, 	 0.7805384515494602, 	 2, 	 23, 	 392: 	  	 23.82 	 	 23.84
0.8247344350629324, 	 0.3668200018997338, 	 1, 	 29, 	 146: 	  	 23.04 	 	 22.74
0.5409889518454962, 	 0.5661290538674512, 	 1, 	 15, 	 433: 	  	 23.29 	 	 23.04
0.6093395304370777, 	 0.27574292160151004, 	 1, 	 33, 	 360: 	  	 23.84 	 	 21.82
0.5758117966707059, 	 0.5212323374110137, 	 2, 	 15, 	 601: 	  	 23.92 	 	 22.42
0.5310877631077657, 	 0.25487006208051655, 	 2, 	 20, 	 123: 	  	 24.45 	 	 24.28
0.6882360210390951, 	 0.6437620326485842, 	 1, 	 32, 	 44: 	  	 23.99 	 	 24.81
0.6364091453561644, 	 0.2946564661341891, 	 1, 	 25, 	 674: 	  	 23.7 	 	 20.87
0.6455273934332759, 	 0.243103013466394, 	 1, 	 15, 	 695: 	  	 23.29 	 	 20.21
0.5603753298042655, 	 0.6785973199244091, 	 2, 	 17, 	 182: 	  	 23.91 	 	 24.03
0.7459964020165335, 	 0.1798158336918268, 	 2, 	 34, 	 636: 	  	 23.92 	 	 20.38
0.5266042351385474, 	 0.5176063967058719, 	 2, 	 32, 	 131: 	  	 24.01 	 	 23.73
0.605347223272654, 	 0.440508184615516, 	 1, 	 15, 	 712: 	  	 23.29 	 	 21.32
0.6600280239075593, 	 0.4181287402546633, 	 2, 	 15, 	 498: 	  	 23.92 	 	 22.69
0.6023069217998474, 	 0.5860418488097618, 	 1, 	 23, 	 622: 	  	 23.7 	 	 21.66
0.8908828547800681, 	 0.28420851358153565, 	 1, 	 15, 	 734: 	  	 23.29 	 	 21.03
0.5818937235444464, 	 0.3310725976428941, 	 1, 	 29, 	 78: 	  	 24.09 	 	 24.14
0.710673383763591, 	 0.6159318651619237, 	 1, 	 33, 	 154: 	  	 24.09 	 	 23.48
0.577450898319381, 	 0.17932516183153008, 	 2, 	 20, 	 129: 	  	 23.99 	 	 23.75
0.9263339927089949, 	 0.6141150082108788, 	 1, 	 24, 	 139: 	  	 23.86 	 	 23.54
0.8098504710669172, 	 0.6998104090162993, 	 2, 	 22, 	 715: 	  	 23.86 	 	 22.89
0.6317317045217876, 	 0.1010189075337534, 	 1, 	 29, 	 584: 	  	 23.04 	 	 18.99
0.9247953410803073, 	 0.20383941244255938, 	 2, 	 23, 	 275: 	  	 23.89 	 	 22.04
0.8100326415682062, 	 0.7383754514015011, 	 2, 	 30, 	 622: 	  	 23.85 	 	 23.67
0.7467837444865992, 	 0.23973685991146323, 	 2, 	 18, 	 640: 	  	 23.91 	 	 21.19
0.9592639918029048, 	 0.7308612138791077, 	 2, 	 23, 	 665: 	  	 23.82 	 	 23.83
0.684585491246654, 	 0.22195726875112273, 	 2, 	 30, 	 735: 	  	 23.11 	 	 20.27
0.5901592123673756, 	 0.7272459125797281, 	 1, 	 20, 	 86: 	  	 23.83 	 	 24.63
0.8051702835230046, 	 0.45229326980849105, 	 1, 	 34, 	 117: 	  	 24.09 	 	 23.46
0.6583899250128119, 	 0.2650560650706115, 	 2, 	 16, 	 468: 	  	 23.93 	 	 21.89
0.5216286036769482, 	 0.753220349553209, 	 1, 	 19, 	 598: 	  	 23.68 	 	 21.99
0.6104657680177354, 	 0.7807849517854439, 	 2, 	 15, 	 580: 	  	 23.92 	 	 23.03
0.966001947115253, 	 0.4734970236526267, 	 2, 	 22, 	 162: 	  	 23.82 	 	 23.44
0.9785173413757202, 	 0.7097567763028794, 	 2, 	 33, 	 191: 	  	 23.81 	 	 23.39
0.780247462593303, 	 0.08374820447092547, 	 2, 	 31, 	 480: 	  	 23.85 	 	 19.93
0.7354469750602108, 	 0.6228311089405394, 	 1, 	 15, 	 372: 	  	 23.29 	 	 23.12
0.9370647345640926, 	 0.07345948938224144, 	 2, 	 19, 	 281: 	  	 24.45 	 	 21.68
