0 0.7, 0.17, 1, 30, 300, 0 :: 25.62704849243164, 23.37640380859375
1 0.7, 0.17, 7, 30, 300, 1 :: 25.786182403564453, 23.37640380859375
2 0.7, 0.17, 10, 30, 300, 2 :: 25.78125762939453, 23.37640380859375
3 0.7, 0.17, 13, 30, 300, 3 :: 25.80971908569336, 23.37640380859375
4 0.7, 0.27, 1, 18, 300, 4 :: 25.26611328125, 23.37640380859375
5 0.7, 0.27, 10, 15, 300, 5 :: 25.394824981689453, 23.37640380859375
6 0.7, 0.27, 10, 24, 300, 6 :: 25.13678741455078, 23.37640380859375
7 0.7, 0.27, 16, 33, 300, 7 :: 24.971954345703125, 23.37640380859375
8 0.7, 0.37, 1, 15, 300, 8 :: 24.770238876342773, 23.37640380859375
9 0.7, 0.37, 1, 33, 300, 9 :: 24.361682891845703, 23.37640380859375
10 0.7, 0.37, 7, 27, 300, 10 :: 24.46598243713379, 23.37640380859375
11 0.7, 0.37, 10, 18, 300, 11 :: 24.660762786865234, 23.37640380859375
12 0.7, 0.37, 13, 15, 300, 12 :: 24.777545928955078, 23.37640380859375
13 0.7, 0.37, 16, 27, 300, 13 :: 24.467952728271484, 23.37640380859375
14 0.7, 0.37, 19, 24, 300, 14 :: 24.51317596435547, 23.37640380859375
15 0.7799999999999999, 0.17, 1, 24, 300, 15 :: 25.798757553100586, 23.37640380859375
16 0.7799999999999999, 0.17, 4, 27, 300, 16 :: 25.83550262451172, 23.37640380859375
17 0.7799999999999999, 0.17, 4, 30, 300, 17 :: 25.78173828125, 23.37640380859375
18 0.7799999999999999, 0.17, 7, 15, 300, 18 :: 25.87657928466797, 23.37640380859375
19 0.7799999999999999, 0.27, 1, 21, 300, 19 :: 25.20369529724121, 23.37640380859375
20 0.7799999999999999, 0.27, 7, 27, 300, 20 :: 25.108657836914062, 23.37640380859375
21 0.7799999999999999, 0.27, 7, 33, 300, 21 :: 24.993968963623047, 23.37640380859375
22 0.7799999999999999, 0.27, 10, 30, 300, 22 :: 25.056987762451172, 23.37640380859375
23 0.7799999999999999, 0.27, 13, 18, 300, 23 :: 25.290090560913086, 23.37640380859375
24 0.7799999999999999, 0.27, 19, 30, 300, 24 :: 25.0513858795166, 23.37640380859375
25 0.7799999999999999, 0.37, 4, 18, 300, 25 :: 24.665536880493164, 23.37640380859375
26 0.7799999999999999, 0.37, 4, 21, 300, 26 :: 24.602882385253906, 23.37640380859375
27 0.7799999999999999, 0.37, 10, 18, 300, 27 :: 24.67219352722168, 23.37640380859375
28 0.7799999999999999, 0.37, 16, 15, 300, 28 :: 24.78346061706543, 23.37640380859375
29 0.7799999999999999, 0.37, 19, 27, 300, 29 :: 24.490131378173828, 23.37640380859375
30 0.7799999999999999, 0.4700000000000001, 1, 24, 300, 30 :: 24.076717376708984, 23.37640380859375
31 0.7799999999999999, 0.4700000000000001, 10, 27, 300, 31 :: 24.049510955810547, 23.37640380859375
32 0.7799999999999999, 0.4700000000000001, 16, 24, 300, 32 :: 24.080181121826172, 23.37640380859375
33 0.7799999999999999, 0.4700000000000001, 19, 18, 300, 33 :: 24.188173294067383, 23.37640380859375
34 0.7799999999999999, 0.4700000000000001, 19, 30, 300, 34 :: 24.01894760131836, 23.37640380859375
35 0.8599999999999999, 0.17, 7, 18, 300, 35 :: 25.87755012512207, 23.37640380859375
36 0.8599999999999999, 0.17, 13, 21, 300, 36 :: 25.892831802368164, 23.37640380859375
37 0.8599999999999999, 0.17, 16, 24, 300, 37 :: 25.848405838012695, 23.37640380859375
38 0.8599999999999999, 0.27, 4, 24, 300, 38 :: 25.14842987060547, 23.37640380859375
0 0.7, 0.17, 4, 21, 300, 0 :: 24.92559814453125, 22.50089454650879
1 0.7, 0.17, 7, 21, 300, 1 :: 24.91299057006836, 22.50089454650879
2 0.7, 0.27, 1, 18, 300, 2 :: 24.188365936279297, 22.50089454650879
3 0.7, 0.27, 1, 21, 300, 3 :: 24.114070892333984, 22.50089454650879
4 0.7, 0.27, 4, 15, 300, 4 :: 24.346887588500977, 22.50089454650879
5 0.7, 0.27, 7, 21, 300, 5 :: 24.139013290405273, 22.50089454650879
6 0.7, 0.27, 13, 21, 300, 6 :: 24.145366668701172, 22.50089454650879
7 0.7, 0.27, 16, 18, 300, 7 :: 24.221895217895508, 22.50089454650879
8 0.7, 0.27, 19, 18, 300, 8 :: 24.223051071166992, 22.50089454650879
9 0.7, 0.27, 19, 24, 300, 9 :: 24.04180908203125, 22.50089454650879
10 0.7, 0.37, 7, 18, 300, 10 :: 23.589580535888672, 22.50089454650879
11 0.7, 0.37, 16, 33, 300, 11 :: 23.30553436279297, 22.50089454650879
12 0.7799999999999999, 0.17, 1, 30, 300, 12 :: 24.736482620239258, 22.50089454650879
13 0.7799999999999999, 0.17, 7, 15, 300, 13 :: 24.970508575439453, 22.50089454650879
14 0.7799999999999999, 0.17, 7, 21, 300, 14 :: 24.917835235595703, 22.50089454650879
15 0.7799999999999999, 0.17, 10, 21, 300, 15 :: 24.93467140197754, 22.50089454650879
16 0.7799999999999999, 0.17, 10, 24, 300, 16 :: 24.842710494995117, 22.50089454650879
17 0.7799999999999999, 0.27, 1, 24, 300, 17 :: 24.037097930908203, 22.50089454650879
18 0.7799999999999999, 0.27, 4, 33, 300, 18 :: 23.88690185546875, 22.50089454650879
19 0.7799999999999999, 0.27, 10, 33, 300, 19 :: 23.88638687133789, 22.50089454650879
20 0.7799999999999999, 0.27, 19, 30, 300, 20 :: 23.95265769958496, 22.50089454650879
21 0.7799999999999999, 0.37, 4, 21, 300, 21 :: 23.536527633666992, 22.50089454650879
22 0.7799999999999999, 0.37, 4, 30, 300, 22 :: 23.372838973999023, 22.50089454650879
23 0.7799999999999999, 0.37, 10, 33, 300, 23 :: 23.328706741333008, 22.50089454650879
24 0.7799999999999999, 0.37, 13, 18, 300, 24 :: 23.606586456298828, 22.50089454650879
25 0.7799999999999999, 0.37, 19, 24, 300, 25 :: 23.462867736816406, 22.50089454650879
26 0.7799999999999999, 0.4700000000000001, 1, 18, 300, 26 :: 23.1583251953125, 22.50089454650879
27 0.7799999999999999, 0.4700000000000001, 4, 24, 300, 27 :: 23.066280364990234, 22.50089454650879
28 0.7799999999999999, 0.4700000000000001, 7, 18, 300, 28 :: 23.168434143066406, 22.50089454650879
29 0.7799999999999999, 0.4700000000000001, 7, 24, 300, 29 :: 23.067733764648438, 22.50089454650879
30 0.7799999999999999, 0.4700000000000001, 16, 15, 300, 30 :: 23.251083374023438, 22.50089454650879
31 0.7799999999999999, 0.4700000000000001, 16, 30, 300, 31 :: 23.015979766845703, 22.50089454650879
32 0.7799999999999999, 0.4700000000000001, 16, 33, 300, 32 :: 22.98772430419922, 22.50089454650879
33 0.7799999999999999, 0.4700000000000001, 19, 18, 300, 33 :: 23.166311264038086, 22.50089454650879
34 0.8599999999999999, 0.17, 4, 33, 300, 34 :: 24.707275390625, 22.50089454650879
35 0.8599999999999999, 0.17, 13, 33, 300, 35 :: 24.72784423828125, 22.50089454650879
36 0.8599999999999999, 0.17, 16, 18, 300, 36 :: 24.960878372192383, 22.50089454650879
37 0.8599999999999999, 0.17, 16, 27, 300, 37 :: 24.811277389526367, 22.50089454650879
38 0.8599999999999999, 0.27, 4, 27, 300, 38 :: 24.016868591308594, 22.50089454650879
39 0.8599999999999999, 0.27, 7, 33, 300, 39 :: 23.89734649658203, 22.50089454650879
40 0.8599999999999999, 0.27, 13, 18, 300, 40 :: 24.239749908447266, 22.50089454650879
41 0.8599999999999999, 0.37, 4, 15, 300, 41 :: 23.72553825378418, 22.50089454650879
42 0.8599999999999999, 0.37, 4, 30, 300, 42 :: 23.391334533691406, 22.50089454650879
43 0.8599999999999999, 0.37, 7, 24, 300, 43 :: 23.477046966552734, 22.50089454650879
44 0.8599999999999999, 0.37, 10, 30, 300, 44 :: 23.393619537353516, 22.50089454650879
45 0.8599999999999999, 0.37, 10, 33, 300, 45 :: 23.3449649810791, 22.50089454650879
46 0.8599999999999999, 0.37, 19, 18, 300, 46 :: 23.61941909790039, 22.50089454650879
47 0.8599999999999999, 0.37, 19, 27, 300, 47 :: 23.437637329101562, 22.50089454650879
48 0.8599999999999999, 0.4700000000000001, 1, 24, 300, 48 :: 23.07863998413086, 22.50089454650879
49 0.8599999999999999, 0.4700000000000001, 1, 30, 300, 49 :: 23.020593643188477, 22.50089454650879
50 0.8599999999999999, 0.4700000000000001, 7, 33, 300, 50 :: 23.003080368041992, 22.50089454650879
51 0.8599999999999999, 0.4700000000000001, 13, 33, 300, 51 :: 23.004169464111328, 22.50089454650879
52 0.8599999999999999, 0.4700000000000001, 16, 21, 300, 52 :: 23.133766174316406, 22.50089454650879
53 0.8599999999999999, 0.4700000000000001, 16, 30, 300, 53 :: 23.031749725341797, 22.50089454650879
54 0.8599999999999999, 0.5700000000000001, 1, 18, 300, 54 :: 22.887611389160156, 22.50089454650879
55 0.8599999999999999, 0.5700000000000001, 4, 27, 300, 55 :: 22.823150634765625, 22.50089454650879
56 0.8599999999999999, 0.5700000000000001, 7, 15, 300, 56 :: 22.943029403686523, 22.50089454650879
57 0.8599999999999999, 0.5700000000000001, 7, 18, 300, 57 :: 22.89264488220215, 22.50089454650879
58 0.8599999999999999, 0.5700000000000001, 13, 18, 300, 58 :: 22.890907287597656, 22.50089454650879
59 0.8599999999999999, 0.5700000000000001, 16, 15, 300, 59 :: 22.942249298095703, 22.50089454650879
60 0.9399999999999998, 0.17, 4, 33, 300, 60 :: 24.678823471069336, 22.50089454650879
61 0.9399999999999998, 0.27, 7, 30, 300, 61 :: 23.96503448486328, 22.50089454650879
62 0.9399999999999998, 0.27, 10, 18, 300, 62 :: 24.233705520629883, 22.50089454650879
63 0.9399999999999998, 0.27, 10, 27, 300, 63 :: 24.027057647705078, 22.50089454650879
64 0.9399999999999998, 0.27, 16, 30, 300, 64 :: 23.965572357177734, 22.50089454650879
65 0.9399999999999998, 0.27, 16, 33, 300, 65 :: 23.910381317138672, 22.50089454650879
66 0.9399999999999998, 0.27, 19, 30, 300, 66 :: 23.973705291748047, 22.50089454650879
67 0.9399999999999998, 0.37, 1, 30, 300, 67 :: 23.385438919067383, 22.50089454650879
68 0.9399999999999998, 0.37, 4, 18, 300, 68 :: 23.620798110961914, 22.50089454650879
69 0.9399999999999998, 0.37, 7, 18, 300, 69 :: 23.6240291595459, 22.50089454650879
70 0.9399999999999998, 0.37, 10, 18, 300, 70 :: 23.624645233154297, 22.50089454650879
71 0.9399999999999998, 0.37, 10, 33, 300, 71 :: 23.35685920715332, 22.50089454650879
72 0.9399999999999998, 0.4700000000000001, 1, 18, 300, 72 :: 23.18167495727539, 22.50089454650879
73 0.9399999999999998, 0.4700000000000001, 7, 27, 300, 73 :: 23.067115783691406, 22.50089454650879
74 0.9399999999999998, 0.4700000000000001, 10, 24, 300, 74 :: 23.09551429748535, 22.50089454650879
75 0.9399999999999998, 0.4700000000000001, 19, 27, 300, 75 :: 23.069665908813477, 22.50089454650879
76 0.9399999999999998, 0.5700000000000001, 4, 30, 300, 76 :: 22.818191528320312, 22.50089454650879
77 0.9399999999999998, 0.5700000000000001, 7, 18, 300, 77 :: 22.90013313293457, 22.50089454650879
78 0.9399999999999998, 0.5700000000000001, 10, 33, 300, 78 :: 22.803361892700195, 22.50089454650879
79 0.9399999999999998, 0.5700000000000001, 16, 33, 300, 79 :: 22.804004669189453, 22.50089454650879
80 0.9399999999999998, 0.5700000000000001, 19, 27, 300, 80 :: 22.83266830444336, 22.50089454650879
81 0.7, 0.17, 1, 15, 300, 81 :: 26.04694366455078, 23.842758178710938
82 0.7, 0.17, 1, 30, 300, 82 :: 26.000049591064453, 23.842758178710938
83 0.7, 0.17, 4, 21, 300, 83 :: 26.091968536376953, 23.842758178710938
84 0.7, 0.17, 13, 24, 300, 84 :: 26.090473175048828, 23.842758178710938
85 0.7, 0.17, 16, 15, 300, 85 :: 26.069791793823242, 23.842758178710938
86 0.7, 0.17, 19, 30, 300, 86 :: 26.057804107666016, 23.842758178710938
87 0.7, 0.27, 4, 21, 300, 87 :: 25.537050247192383, 23.842758178710938
88 0.7, 0.27, 10, 33, 300, 88 :: 25.24379539489746, 23.842758178710938
89 0.7, 0.27, 19, 18, 300, 89 :: 25.615148544311523, 23.842758178710938
90 0.7, 0.37, 10, 27, 300, 90 :: 24.752429962158203, 23.842758178710938
91 0.7, 0.37, 13, 27, 300, 91 :: 24.752836227416992, 23.842758178710938
92 0.7, 0.37, 13, 30, 300, 92 :: 24.700664520263672, 23.842758178710938
93 0.7799999999999999, 0.17, 1, 24, 300, 93 :: 26.024568557739258, 23.842758178710938
94 0.7799999999999999, 0.17, 1, 33, 300, 94 :: 25.985145568847656, 23.842758178710938
95 0.7799999999999999, 0.17, 4, 30, 300, 95 :: 26.032978057861328, 23.842758178710938
96 0.7799999999999999, 0.37, 10, 30, 300, 96 :: 24.7252197265625, 23.842758178710938
97 0.7799999999999999, 0.37, 19, 24, 300, 97 :: 24.823511123657227, 23.842758178710938
98 0.7799999999999999, 0.4700000000000001, 4, 27, 300, 98 :: 24.381925582885742, 23.842758178710938
99 0.7799999999999999, 0.4700000000000001, 13, 24, 300, 99 :: 24.4125919342041, 23.842758178710938
100 0.7799999999999999, 0.4700000000000001, 13, 27, 300, 100 :: 24.381980895996094, 23.842758178710938
101 0.7799999999999999, 0.4700000000000001, 16, 15, 300, 101 :: 24.608211517333984, 23.842758178710938
102 0.8599999999999999, 0.17, 1, 18, 300, 102 :: 26.00071144104004, 23.842758178710938
103 0.8599999999999999, 0.17, 7, 18, 300, 103 :: 26.02822494506836, 23.842758178710938
104 0.8599999999999999, 0.17, 10, 24, 300, 104 :: 26.04831314086914, 23.842758178710938
105 0.8599999999999999, 0.17, 10, 30, 300, 105 :: 26.03301239013672, 23.842758178710938
106 0.8599999999999999, 0.17, 13, 27, 300, 106 :: 26.045066833496094, 23.842758178710938
107 0.8599999999999999, 0.27, 4, 27, 300, 107 :: 25.400108337402344, 23.842758178710938
108 0.8599999999999999, 0.27, 7, 33, 300, 108 :: 25.277557373046875, 23.842758178710938
109 0.8599999999999999, 0.27, 13, 21, 300, 109 :: 25.54903793334961, 23.842758178710938
110 0.8599999999999999, 0.27, 16, 21, 300, 110 :: 25.54050636291504, 23.842758178710938
111 0.8599999999999999, 0.37, 7, 18, 300, 111 :: 24.99176025390625, 23.842758178710938
112 0.8599999999999999, 0.37, 16, 15, 300, 112 :: 25.109058380126953, 23.842758178710938
113 0.8599999999999999, 0.37, 16, 24, 300, 113 :: 24.83553123474121, 23.842758178710938
114 0.8599999999999999, 0.37, 19, 15, 300, 114 :: 25.106891632080078, 23.842758178710938
115 0.8599999999999999, 0.4700000000000001, 1, 15, 300, 115 :: 24.60939598083496, 23.842758178710938
116 0.8599999999999999, 0.4700000000000001, 1, 21, 300, 116 :: 24.467945098876953, 23.842758178710938
117 0.8599999999999999, 0.4700000000000001, 7, 30, 300, 117 :: 24.368045806884766, 23.842758178710938
118 0.8599999999999999, 0.4700000000000001, 19, 21, 300, 118 :: 24.48106575012207, 23.842758178710938
119 0.8599999999999999, 0.4700000000000001, 19, 30, 300, 119 :: 24.36927604675293, 23.842758178710938
120 0.8599999999999999, 0.5700000000000001, 1, 24, 300, 120 :: 24.17312240600586, 23.842758178710938
121 0.8599999999999999, 0.5700000000000001, 7, 24, 300, 121 :: 24.173442840576172, 23.842758178710938
122 0.8599999999999999, 0.5700000000000001, 16, 15, 300, 122 :: 24.286876678466797, 23.842758178710938
123 0.8599999999999999, 0.5700000000000001, 19, 24, 300, 123 :: 24.175207138061523, 23.842758178710938
124 0.8599999999999999, 0.5700000000000001, 19, 27, 300, 124 :: 24.160491943359375, 23.842758178710938
125 0.9399999999999998, 0.17, 1, 27, 300, 125 :: 25.98033905029297, 23.842758178710938
126 0.9399999999999998, 0.17, 4, 33, 300, 126 :: 25.97298812866211, 23.842758178710938
127 0.9399999999999998, 0.17, 10, 18, 300, 127 :: 25.98223114013672, 23.842758178710938
128 0.9399999999999998, 0.17, 13, 15, 300, 128 :: 25.95648956298828, 23.842758178710938
129 0.9399999999999998, 0.17, 16, 33, 300, 129 :: 25.99736976623535, 23.842758178710938
130 0.9399999999999998, 0.27, 1, 27, 300, 130 :: 25.377798080444336, 23.842758178710938
131 0.9399999999999998, 0.27, 4, 33, 300, 131 :: 25.281219482421875, 23.842758178710938
132 0.9399999999999998, 0.27, 7, 33, 300, 132 :: 25.27515411376953, 23.842758178710938
133 0.9399999999999998, 0.27, 10, 15, 300, 133 :: 25.680646896362305, 23.842758178710938
134 0.9399999999999998, 0.37, 1, 15, 300, 134 :: 25.083858489990234, 23.842758178710938
135 0.9399999999999998, 0.37, 7, 15, 300, 135 :: 25.101491928100586, 23.842758178710938
136 0.9399999999999998, 0.37, 7, 21, 300, 136 :: 24.920425415039062, 23.842758178710938
137 0.9399999999999998, 0.37, 10, 15, 300, 137 :: 25.10552978515625, 23.842758178710938
138 0.9399999999999998, 0.37, 10, 27, 300, 138 :: 24.802627563476562, 23.842758178710938
139 0.9399999999999998, 0.37, 10, 33, 300, 139 :: 24.704511642456055, 23.842758178710938
140 0.9399999999999998, 0.37, 19, 15, 300, 140 :: 25.108295440673828, 23.842758178710938
141 0.9399999999999998, 0.4700000000000001, 1, 33, 300, 141 :: 24.33397102355957, 23.842758178710938
142 0.9399999999999998, 0.4700000000000001, 4, 18, 300, 142 :: 24.53670310974121, 23.842758178710938
143 0.9399999999999998, 0.4700000000000001, 4, 33, 300, 143 :: 24.3441104888916, 23.842758178710938
144 0.9399999999999998, 0.4700000000000001, 10, 27, 300, 144 :: 24.407861709594727, 23.842758178710938
145 0.9399999999999998, 0.4700000000000001, 13, 30, 300, 145 :: 24.379899978637695, 23.842758178710938
146 0.9399999999999998, 0.5700000000000001, 1, 27, 300, 146 :: 24.165964126586914, 23.842758178710938
147 0.9399999999999998, 0.5700000000000001, 4, 30, 300, 147 :: 24.15220069885254, 23.842758178710938
148 0.9399999999999998, 0.5700000000000001, 7, 30, 300, 148 :: 24.152128219604492, 23.842758178710938
149 0.9399999999999998, 0.5700000000000001, 10, 33, 300, 149 :: 24.13695526123047, 23.842758178710938
150 0.9399999999999998, 0.5700000000000001, 16, 24, 300, 150 :: 24.183094024658203, 23.842758178710938
151 0.9399999999999998, 0.5700000000000001, 16, 33, 300, 151 :: 24.138681411743164, 23.842758178710938
152 0.7, 0.17, 10, 21, 300, 152 :: 23.615379333496094, 21.87394905090332
153 0.7, 0.27, 1, 33, 300, 153 :: 22.602643966674805, 21.87394905090332
154 0.7, 0.27, 7, 15, 300, 154 :: 23.07234764099121, 21.87394905090332
155 0.7, 0.27, 7, 21, 300, 155 :: 22.84409523010254, 21.87394905090332
156 0.7, 0.27, 16, 21, 300, 156 :: 22.843265533447266, 21.87394905090332
157 0.7, 0.27, 16, 27, 300, 157 :: 22.70360565185547, 21.87394905090332
158 0.7, 0.37, 1, 18, 300, 158 :: 22.4738712310791, 21.87394905090332
159 0.7, 0.37, 4, 18, 300, 159 :: 22.47415542602539, 21.87394905090332
160 0.7, 0.37, 13, 21, 300, 160 :: 22.427824020385742, 21.87394905090332
161 0.7, 0.37, 16, 24, 300, 161 :: 22.382047653198242, 21.87394905090332
162 0.7, 0.37, 19, 33, 300, 162 :: 22.31125259399414, 21.87394905090332
163 0.7799999999999999, 0.17, 1, 15, 300, 163 :: 23.793991088867188, 21.87394905090332
164 0.7799999999999999, 0.17, 1, 33, 300, 164 :: 23.275348663330078, 21.87394905090332
165 0.7799999999999999, 0.17, 4, 18, 300, 165 :: 23.680877685546875, 21.87394905090332
166 0.7799999999999999, 0.17, 7, 30, 300, 166 :: 23.379182815551758, 21.87394905090332
167 0.7799999999999999, 0.17, 10, 30, 300, 167 :: 23.38161277770996, 21.87394905090332
168 0.7799999999999999, 0.17, 16, 18, 300, 168 :: 23.70926284790039, 21.87394905090332
169 0.7799999999999999, 0.17, 19, 15, 300, 169 :: 23.823137283325195, 21.87394905090332
170 0.7799999999999999, 0.17, 19, 24, 300, 170 :: 23.515146255493164, 21.87394905090332
171 0.7799999999999999, 0.17, 19, 33, 300, 171 :: 23.314891815185547, 21.87394905090332
172 0.7799999999999999, 0.27, 1, 18, 300, 172 :: 22.931201934814453, 21.87394905090332
173 0.7799999999999999, 0.27, 1, 24, 300, 173 :: 22.724040985107422, 21.87394905090332
174 0.7799999999999999, 0.27, 7, 33, 300, 174 :: 22.620784759521484, 21.87394905090332
175 0.7799999999999999, 0.37, 1, 18, 300, 175 :: 22.47419548034668, 21.87394905090332
176 0.7799999999999999, 0.37, 4, 21, 300, 176 :: 22.440994262695312, 21.87394905090332
177 0.7799999999999999, 0.37, 4, 24, 300, 177 :: 22.393489837646484, 21.87394905090332
178 0.7799999999999999, 0.4700000000000001, 7, 21, 300, 178 :: 22.221336364746094, 21.87394905090332
179 0.7799999999999999, 0.4700000000000001, 7, 30, 300, 179 :: 22.172199249267578, 21.87394905090332
180 0.7799999999999999, 0.4700000000000001, 7, 33, 300, 180 :: 22.160795211791992, 21.87394905090332
181 0.7799999999999999, 0.4700000000000001, 13, 30, 300, 181 :: 22.172277450561523, 21.87394905090332
182 0.7799999999999999, 0.4700000000000001, 16, 15, 300, 182 :: 22.29184341430664, 21.87394905090332
183 0.7799999999999999, 0.4700000000000001, 19, 21, 300, 183 :: 22.221834182739258, 21.87394905090332
184 0.8599999999999999, 0.17, 7, 18, 300, 184 :: 23.70484161376953, 21.87394905090332
185 0.8599999999999999, 0.17, 13, 18, 300, 185 :: 23.70947265625, 21.87394905090332
186 0.8599999999999999, 0.17, 19, 24, 300, 186 :: 23.53504180908203, 21.87394905090332
187 0.8599999999999999, 0.27, 4, 30, 300, 187 :: 22.693471908569336, 21.87394905090332
188 0.8599999999999999, 0.27, 7, 33, 300, 188 :: 22.642379760742188, 21.87394905090332
189 0.8599999999999999, 0.27, 13, 18, 300, 189 :: 22.97003173828125, 21.87394905090332
190 0.8599999999999999, 0.27, 19, 15, 300, 190 :: 23.118030548095703, 21.87394905090332
191 0.8599999999999999, 0.37, 4, 27, 300, 191 :: 22.376422882080078, 21.87394905090332
192 0.8599999999999999, 0.37, 4, 30, 300, 192 :: 22.35325813293457, 21.87394905090332
193 0.8599999999999999, 0.37, 7, 33, 300, 193 :: 22.3308162689209, 21.87394905090332
194 0.8599999999999999, 0.37, 10, 21, 300, 194 :: 22.455482482910156, 21.87394905090332
195 0.8599999999999999, 0.37, 10, 27, 300, 195 :: 22.380094528198242, 21.87394905090332
196 0.8599999999999999, 0.37, 10, 30, 300, 196 :: 22.357141494750977, 21.87394905090332
197 0.8599999999999999, 0.37, 13, 21, 300, 197 :: 22.456825256347656, 21.87394905090332
198 0.8599999999999999, 0.37, 16, 21, 300, 198 :: 22.458066940307617, 21.87394905090332
199 0.8599999999999999, 0.4700000000000001, 1, 24, 300, 199 :: 22.20034408569336, 21.87394905090332
200 0.8599999999999999, 0.4700000000000001, 4, 30, 300, 200 :: 22.177343368530273, 21.87394905090332
201 0.8599999999999999, 0.4700000000000001, 13, 15, 300, 201 :: 22.298805236816406, 21.87394905090332
202 0.8599999999999999, 0.4700000000000001, 13, 18, 300, 202 :: 22.252790451049805, 21.87394905090332
203 0.8599999999999999, 0.4700000000000001, 13, 30, 300, 203 :: 22.17726707458496, 21.87394905090332
204 0.8599999999999999, 0.4700000000000001, 16, 18, 300, 204 :: 22.252269744873047, 21.87394905090332
205 0.8599999999999999, 0.5700000000000001, 1, 30, 300, 205 :: 22.062835693359375, 21.87394905090332
206 0.8599999999999999, 0.5700000000000001, 7, 30, 300, 206 :: 22.06328582763672, 21.87394905090332
207 0.8599999999999999, 0.5700000000000001, 13, 18, 300, 207 :: 22.102582931518555, 21.87394905090332
208 0.8599999999999999, 0.5700000000000001, 16, 15, 300, 208 :: 22.127593994140625, 21.87394905090332
209 0.8599999999999999, 0.5700000000000001, 16, 27, 300, 209 :: 22.07126235961914, 21.87394905090332
210 0.8599999999999999, 0.5700000000000001, 19, 21, 300, 210 :: 22.089859008789062, 21.87394905090332
211 0.8599999999999999, 0.5700000000000001, 19, 30, 300, 211 :: 22.064180374145508, 21.87394905090332
212 0.9399999999999998, 0.17, 1, 18, 300, 212 :: 23.680896759033203, 21.87394905090332
213 0.9399999999999998, 0.17, 1, 30, 300, 213 :: 23.36690902709961, 21.87394905090332
214 0.9399999999999998, 0.17, 10, 15, 300, 214 :: 23.844886779785156, 21.87394905090332
215 0.9399999999999998, 0.17, 13, 30, 300, 215 :: 23.418407440185547, 21.87394905090332
216 0.9399999999999998, 0.17, 19, 21, 300, 216 :: 23.652742385864258, 21.87394905090332
217 0.9399999999999998, 0.27, 4, 15, 300, 217 :: 23.10858726501465, 21.87394905090332
218 0.9399999999999998, 0.27, 13, 21, 300, 218 :: 22.893753051757812, 21.87394905090332
219 0.9399999999999998, 0.37, 4, 21, 300, 219 :: 22.4661808013916, 21.87394905090332
220 0.9399999999999998, 0.37, 4, 24, 300, 220 :: 22.4111270904541, 21.87394905090332
221 0.9399999999999998, 0.37, 13, 18, 300, 221 :: 22.514476776123047, 21.87394905090332
222 0.9399999999999998, 0.37, 19, 33, 300, 222 :: 22.336124420166016, 21.87394905090332
223 0.9399999999999998, 0.4700000000000001, 1, 21, 300, 223 :: 22.230260848999023, 21.87394905090332
224 0.9399999999999998, 0.4700000000000001, 4, 30, 300, 224 :: 22.180980682373047, 21.87394905090332
225 0.9399999999999998, 0.4700000000000001, 7, 18, 300, 225 :: 22.256366729736328, 21.87394905090332
226 0.9399999999999998, 0.4700000000000001, 16, 18, 300, 226 :: 22.258596420288086, 21.87394905090332
227 0.9399999999999998, 0.4700000000000001, 19, 27, 300, 227 :: 22.195463180541992, 21.87394905090332
228 0.9399999999999998, 0.5700000000000001, 1, 15, 300, 228 :: 22.126502990722656, 21.87394905090332
229 0.9399999999999998, 0.5700000000000001, 7, 18, 300, 229 :: 22.107559204101562, 21.87394905090332
230 0.9399999999999998, 0.5700000000000001, 7, 27, 300, 230 :: 22.07451629638672, 21.87394905090332
231 0.9399999999999998, 0.5700000000000001, 10, 21, 300, 231 :: 22.09388542175293, 21.87394905090332
232 0.7, 0.17, 7, 27, 300, 232 :: 26.865034103393555, 24.976150512695312
233 0.7, 0.17, 7, 33, 300, 233 :: 26.982074737548828, 24.976150512695312
234 0.7, 0.17, 13, 15, 300, 234 :: 26.423206329345703, 24.976150512695312
235 0.7, 0.17, 13, 18, 300, 235 :: 26.59145164489746, 24.976150512695312
236 0.7, 0.17, 13, 33, 300, 236 :: 26.96963119506836, 24.976150512695312
237 0.7, 0.17, 16, 33, 300, 237 :: 26.979602813720703, 24.976150512695312
238 0.7, 0.27, 13, 24, 300, 238 :: 26.75824737548828, 24.976150512695312
239 0.7, 0.27, 16, 21, 300, 239 :: 26.803897857666016, 24.976150512695312
240 0.7, 0.37, 4, 30, 300, 240 :: 26.130578994750977, 24.976150512695312
241 0.7, 0.37, 10, 33, 300, 241 :: 26.084489822387695, 24.976150512695312
242 0.7, 0.37, 13, 24, 300, 242 :: 26.216983795166016, 24.976150512695312
243 0.7, 0.37, 16, 15, 300, 243 :: 26.434070587158203, 24.976150512695312
244 0.7799999999999999, 0.17, 1, 24, 300, 244 :: 26.713428497314453, 24.976150512695312
245 0.7799999999999999, 0.17, 1, 27, 300, 245 :: 26.776058197021484, 24.976150512695312
246 0.7799999999999999, 0.17, 1, 30, 300, 246 :: 26.87557029724121, 24.976150512695312
247 0.7799999999999999, 0.17, 4, 15, 300, 247 :: 26.35999298095703, 24.976150512695312
248 0.7799999999999999, 0.17, 7, 18, 300, 248 :: 26.53363800048828, 24.976150512695312
249 0.7799999999999999, 0.17, 10, 21, 300, 249 :: 26.631793975830078, 24.976150512695312
250 0.7799999999999999, 0.17, 10, 30, 300, 250 :: 26.90873908996582, 24.976150512695312
251 0.7799999999999999, 0.17, 16, 18, 300, 251 :: 26.51950454711914, 24.976150512695312
252 0.7799999999999999, 0.27, 13, 15, 300, 252 :: 26.818456649780273, 24.976150512695312
253 0.7799999999999999, 0.27, 13, 21, 300, 253 :: 26.794841766357422, 24.976150512695312
254 0.7799999999999999, 0.27, 19, 18, 300, 254 :: 26.824172973632812, 24.976150512695312
255 0.7799999999999999, 0.27, 19, 21, 300, 255 :: 26.80152130126953, 24.976150512695312
256 0.7799999999999999, 0.27, 19, 27, 300, 256 :: 26.73291015625, 24.976150512695312
257 0.7799999999999999, 0.27, 19, 33, 300, 257 :: 26.662582397460938, 24.976150512695312
258 0.7799999999999999, 0.37, 1, 30, 300, 258 :: 26.128196716308594, 24.976150512695312
259 0.7799999999999999, 0.37, 1, 33, 300, 259 :: 26.093143463134766, 24.976150512695312
260 0.7799999999999999, 0.37, 19, 15, 300, 260 :: 26.432464599609375, 24.976150512695312
261 0.7799999999999999, 0.4700000000000001, 4, 15, 300, 261 :: 25.956768035888672, 24.976150512695312
262 0.7799999999999999, 0.4700000000000001, 7, 24, 300, 262 :: 25.775014877319336, 24.976150512695312
263 0.7799999999999999, 0.4700000000000001, 10, 24, 300, 263 :: 25.775794982910156, 24.976150512695312
264 0.7799999999999999, 0.4700000000000001, 13, 24, 300, 264 :: 25.77591896057129, 24.976150512695312
265 0.7799999999999999, 0.4700000000000001, 19, 18, 300, 265 :: 25.877994537353516, 24.976150512695312
266 0.7799999999999999, 0.4700000000000001, 19, 24, 300, 266 :: 25.774925231933594, 24.976150512695312
267 0.8599999999999999, 0.17, 13, 15, 300, 267 :: 26.316194534301758, 24.976150512695312
268 0.8599999999999999, 0.17, 19, 27, 300, 268 :: 26.829193115234375, 24.976150512695312
269 0.8599999999999999, 0.27, 19, 18, 300, 269 :: 26.798620223999023, 24.976150512695312
270 0.8599999999999999, 0.27, 19, 27, 300, 270 :: 26.731264114379883, 24.976150512695312
271 0.8599999999999999, 0.37, 1, 33, 300, 271 :: 26.101943969726562, 24.976150512695312
272 0.8599999999999999, 0.37, 10, 27, 300, 272 :: 26.20130729675293, 24.976150512695312
273 0.8599999999999999, 0.37, 13, 21, 300, 273 :: 26.298728942871094, 24.976150512695312
274 0.8599999999999999, 0.37, 16, 21, 300, 274 :: 26.296581268310547, 24.976150512695312
275 0.8599999999999999, 0.4700000000000001, 4, 27, 300, 275 :: 25.754024505615234, 24.976150512695312
276 0.8599999999999999, 0.4700000000000001, 7, 30, 300, 276 :: 25.729639053344727, 24.976150512695312
277 0.8599999999999999, 0.4700000000000001, 10, 15, 300, 277 :: 25.955991744995117, 24.976150512695312
278 0.8599999999999999, 0.4700000000000001, 10, 33, 300, 278 :: 25.699668884277344, 24.976150512695312
279 0.8599999999999999, 0.4700000000000001, 13, 18, 300, 279 :: 25.883560180664062, 24.976150512695312
280 0.8599999999999999, 0.5700000000000001, 13, 15, 300, 280 :: 25.58555793762207, 24.976150512695312
281 0.8599999999999999, 0.5700000000000001, 19, 18, 300, 281 :: 25.531021118164062, 24.976150512695312
282 0.8599999999999999, 0.5700000000000001, 19, 24, 300, 282 :: 25.466089248657227, 24.976150512695312
283 0.9399999999999998, 0.17, 1, 27, 300, 283 :: 26.630638122558594, 24.976150512695312
284 0.9399999999999998, 0.17, 4, 27, 300, 284 :: 26.760173797607422, 24.976150512695312
285 0.9399999999999998, 0.17, 10, 18, 300, 285 :: 26.469629287719727, 24.976150512695312
286 0.9399999999999998, 0.17, 10, 30, 300, 286 :: 26.8708438873291, 24.976150512695312
287 0.9399999999999998, 0.17, 16, 18, 300, 287 :: 26.47737693786621, 24.976150512695312
288 0.9399999999999998, 0.17, 19, 21, 300, 288 :: 26.57861328125, 24.976150512695312
289 0.9399999999999998, 0.27, 1, 15, 300, 289 :: 26.68583106994629, 24.976150512695312
290 0.9399999999999998, 0.27, 13, 21, 300, 290 :: 26.769481658935547, 24.976150512695312
291 0.9399999999999998, 0.37, 4, 15, 300, 291 :: 26.405235290527344, 24.976150512695312
292 0.9399999999999998, 0.37, 7, 24, 300, 292 :: 26.234928131103516, 24.976150512695312
293 0.9399999999999998, 0.37, 16, 21, 300, 293 :: 26.29653549194336, 24.976150512695312
294 0.9399999999999998, 0.37, 19, 21, 300, 294 :: 26.298009872436523, 24.976150512695312
295 0.9399999999999998, 0.4700000000000001, 4, 21, 300, 295 :: 25.83860206604004, 24.976150512695312
296 0.9399999999999998, 0.4700000000000001, 7, 30, 300, 296 :: 25.741458892822266, 24.976150512695312
297 0.9399999999999998, 0.4700000000000001, 10, 27, 300, 297 :: 25.768156051635742, 24.976150512695312
298 0.9399999999999998, 0.4700000000000001, 13, 24, 300, 298 :: 25.795915603637695, 24.976150512695312
299 0.9399999999999998, 0.4700000000000001, 16, 15, 300, 299 :: 25.956539154052734, 24.976150512695312
300 0.9399999999999998, 0.4700000000000001, 16, 30, 300, 300 :: 25.742279052734375, 24.976150512695312
301 0.9399999999999998, 0.5700000000000001, 1, 24, 300, 301 :: 25.471668243408203, 24.976150512695312
302 0.9399999999999998, 0.5700000000000001, 10, 15, 300, 302 :: 25.58551025390625, 24.976150512695312
303 0.9399999999999998, 0.5700000000000001, 19, 24, 300, 303 :: 25.47450065612793, 24.976150512695312
304 0.7, 0.17, 1, 27, 300, 304 :: 25.05722999572754, 23.254758834838867
305 0.7, 0.17, 13, 18, 300, 305 :: 25.129058837890625, 23.254758834838867
306 0.7, 0.17, 19, 15, 300, 306 :: 25.123992919921875, 23.254758834838867
307 0.7, 0.17, 19, 21, 300, 307 :: 25.147098541259766, 23.254758834838867
308 0.7, 0.27, 7, 27, 300, 308 :: 24.54104995727539, 23.254758834838867
309 0.7, 0.27, 7, 33, 300, 309 :: 24.45697021484375, 23.254758834838867
310 0.7, 0.27, 10, 21, 300, 310 :: 24.65015411376953, 23.254758834838867
311 0.7, 0.27, 10, 33, 300, 311 :: 24.455917358398438, 23.254758834838867
312 0.7, 0.27, 13, 15, 300, 312 :: 24.782926559448242, 23.254758834838867
313 0.7, 0.27, 19, 27, 300, 313 :: 24.54694366455078, 23.254758834838867
314 0.7, 0.37, 1, 18, 300, 314 :: 24.239835739135742, 23.254758834838867
315 0.7, 0.37, 4, 24, 300, 315 :: 24.12714385986328, 23.254758834838867
316 0.7, 0.37, 10, 33, 300, 316 :: 24.03543472290039, 23.254758834838867
317 0.7, 0.37, 13, 15, 300, 317 :: 24.326171875, 23.254758834838867
318 0.7, 0.37, 13, 27, 300, 318 :: 24.104520797729492, 23.254758834838867
319 0.7799999999999999, 0.17, 1, 30, 300, 319 :: 25.029211044311523, 23.254758834838867
320 0.7799999999999999, 0.17, 4, 24, 300, 320 :: 25.112102508544922, 23.254758834838867
321 0.7799999999999999, 0.17, 13, 18, 300, 321 :: 25.156394958496094, 23.254758834838867
322 0.7799999999999999, 0.17, 16, 24, 300, 322 :: 25.10692596435547, 23.254758834838867
323 0.7799999999999999, 0.27, 19, 15, 300, 323 :: 24.789045333862305, 23.254758834838867
324 0.7799999999999999, 0.37, 1, 27, 300, 324 :: 24.106746673583984, 23.254758834838867
325 0.7799999999999999, 0.37, 7, 15, 300, 325 :: 24.331069946289062, 23.254758834838867
326 0.7799999999999999, 0.37, 7, 27, 300, 326 :: 24.120023727416992, 23.254758834838867
327 0.7799999999999999, 0.37, 10, 33, 300, 327 :: 24.052656173706055, 23.254758834838867
328 0.7799999999999999, 0.37, 16, 15, 300, 328 :: 24.333030700683594, 23.254758834838867
329 0.7799999999999999, 0.37, 16, 18, 300, 329 :: 24.246885299682617, 23.254758834838867
330 0.7799999999999999, 0.37, 19, 33, 300, 330 :: 24.05248260498047, 23.254758834838867
331 0.7799999999999999, 0.4700000000000001, 10, 24, 300, 331 :: 23.823291778564453, 23.254758834838867
332 0.7799999999999999, 0.4700000000000001, 10, 27, 300, 332 :: 23.800451278686523, 23.254758834838867
333 0.7799999999999999, 0.4700000000000001, 13, 21, 300, 333 :: 23.860437393188477, 23.254758834838867
334 0.8599999999999999, 0.17, 1, 33, 300, 334 :: 24.999828338623047, 23.254758834838867
335 0.8599999999999999, 0.17, 10, 27, 300, 335 :: 25.09161949157715, 23.254758834838867
336 0.8599999999999999, 0.17, 13, 21, 300, 336 :: 25.135927200317383, 23.254758834838867
337 0.8599999999999999, 0.17, 13, 27, 300, 337 :: 25.101259231567383, 23.254758834838867
